50
18 654
418 612 139 425 142 640 14 389 15 73 416 213 618 644 572 160 159 564
16 777
636 103 34 628 59 28 776 374 697 465 655 279 651 176 663 495
13 415
323 72 90 17 10 249 317 325 318 282 48 90 347
21 106
77 83 16 87 72 76 62 13 95 92 59 59 16 70 13 79 26 50 73 94 86
13 622
229 584 309 476 235 586 132 313 59 388 350 319 563
17 668
569 641 170 545 94 621 180 158 393 494 62 412 244 556 653 312 588
10 688
140 151 580 277 392 149 335 378 199 221
17 761
96 152 461 434 569 233 492 92 260 255 472 67 85 527 560 463 580
5 223
149 201 200 11 202
20 942
126 449 23 275 755 180 538 487 935 504 848 72 697 790 780 516 249 252 590 496
25 186
74 46 28 172 96 166 115 19 41 26 73 122 146 26 173 162 43 37 25 78 165 122 67 70 108
11 246
127 79 25 213 195 159 147 200 119 1 178
23 31
16 10 29 1 14 28 12 13 30 17 29 24 29 8 27 15 26 26 10 31 25 14 23
28 666
119 223 310 288 611 107 351 143 370 465 144 505 465 406 536 311 208 129 239 112 317 144 123 551 121 660 362 228
17 262
256 70 124 202 235 219 66 83 112 189 196 257 205 199 204 73 129
21 344
275 154 121 246 100 89 325 6 228 123 235 297 3 216 311 131 122 307 217 135 75
10 385
314 78 96 258 46 374 172 37 127 127
6 368
179 222 325 360 273 23
39 335
208 263 94 99 38 259 210 207 78 219 237 114 48 160 88 188 199 265 301 58 215 206 38 91 149 211 295 163 72 248 315 243 78 154 231 222 121 299 322
9 929
78 581 386 852 128 686 561 452 666
22 256
119 206 151 237 100 8 148 131 187 185 124 153 235 110 206 106 111 184 194 255 189 180
14 780
685 136 458 417 233 511 565 628 135 222 424 1 166 722
40 457
100 431 322 311 261 425 173 272 45 260 175 48 27 121 288 117 387 431 332 379 342 402 294 75 401 266 112 107 155 37 58 188 49 375 110 87 219 372 174 208
51 227
149 130 114 171 93 82 126 222 111 87 161 58 10 96 120 218 138 181 39 138 64 79 87 72 156 217 94 74 119 89 59 108 144 123 158 86 86 59 149 203 135 57 163 162 64 184 93 182 159 135 207
27 470
97 398 297 177 264 95 119 362 448 290 405 195 404 71 152 264 291 348 33 51 168 147 112 460 389 338 137
18 969
296 685 777 122 126 630 645 625 106 440 103 82 703 367 91 931 100 803
44 53
43 16 4 44 39 44 38 43 1 53 42 40 26 9 32 46 25 25 49 16 12 14 47 20 3 15 5 29 23 43 11 10 25 22 38 49 18 18 18 24 43 52 45 23
28 228
109 39 165 74 147 98 172 167 83 202 141 39 203 11 46 162 133 194 182 158 44 61 165 39 32 152 153 101
19 491
364 472 296 319 345 316 187 279 376 163 94 188 348 415 155 272 13 120 82
16 325
303 286 51 179 304 273 290 249 200 224 76 198 95 320 225 59
24 608
427 214 395 47 509 412 365 440 559 320 318 218 401 71 432 86 525 218 261 87 100 311 130 51
24 82
42 63 9 31 66 23 65 23 39 42 70 4 31 49 37 66 76 82 16 70 54 45 22 40
24 641
26 27 538 526 10 523 47 229 270 278 311 473 481 172 279 589 570 381 424 586 230 639 394 533
31 807
186 497 39 704 339 398 315 719 462 660 775 458 424 312 134 558 430 696 399 320 346 169 458 130 91 252 261 646 553 311 694
38 130
112 91 40 77 49 65 59 39 112 37 49 45 94 74 15 123 7 104 52 59 54 101 75 2 110 47 68 99 98 94 103 128 88 88 60 20 81 38
28 280
131 152 100 79 207 130 212 129 146 13 232 130 93 146 75 111 240 53 261 125 96 19 29 191 268 243 4 67
8 221
55 169 167 58 188 53 34 164
12 457
8 235 284 433 36 340 219 255 107 166 158 99
13 733
553 468 64 655 51 681 440 301 549 306 223 676 405
20 625
97 398 38 561 520 575 571 220 359 478 200 426 14 330 255 512 355 219 389 508
25 956
382 664 540 669 337 673 640 781 369 170 114 820 747 756 713 357 250 940 395 874 157 843 347 279 286
5 28
18 21 24 23 22
32 498
455 266 411 160 97 165 284 288 291 101 164 450 229 188 190 163 307 51 489 283 106 113 128 307 103 13 240 234 451 456 396 454
26 113
72 44 108 56 92 41 39 85 29 71 25 7 23 37 113 19 62 98 2 29 91 27 66 61 77 48
19 262
81 4 201 218 163 82 211 230 210 60 190 233 43 88 21 117 122 93 64
37 82
19 66 49 58 65 72 37 49 44 55 77 19 70 58 39 62 36 8 64 32 58 33 6 52 10 48 79 17 22 56 50 77 58 6 56 31 26
20 725
490 610 491 515 722 61 267 554 271 670 476 691 491 245 413 696 302 231 255 487
5 662
492 543 653 182 279
41 16
8 13 3 9 13 1 11 4 16 5 4 6 14 12 16 15 11 10 4 12 2 6 14 12 12 12 3 5 2 15 6 4 3 12 12 12 16 3 16 1 12
17 24
22 14 8 19 17 2 23 16 4 15 24 20 22 1 8 8 20
